1 1527247596.8
2 1523182752.0
3 1518864121.6
4 1514997107.2
5 1511633740.8
6 1508718028.8
7 1506231872.0
8 1504065472.0
9 1502158905.6
10 1500463545.6
11 1498971507.2
12 1497620934.4
13 1496401651.2
14 1495255328.0
15 1494104640.0
16 1493081708.8
17 1492196608.0
18 1491341190.4
19 1490604832.0
20 1489946368.0
21 1489380358.4
22 1488866816.0
23 1488214624.0
24 1487667648.0
25 1487234700.8
26 1486827398.4
27 1486525734.4
28 1486234982.4
29 1485869401.6
30 1485508870.4
31 1485207961.6
32 1485000160.0
33 1484600185.6
34 1484229248.0
35 1483852224.0
36 1483501580.8
37 1483252345.6
38 1482980774.4
39 1482726476.8
40 1482651385.6
41 1482632569.6
42 1482502105.6
43 1482172697.6
44 1481791475.2
45 1481522092.8
46 1481249132.8
47 1481100153.6
48 1480922598.4
49 1480598931.2
50 1480288774.4
51 1480013779.2
52 1479758310.4
53 1479641612.8
54 1479528339.2
55 1479309440.0
56 1479078937.6
57 1479110534.4
58 1479216140.8
59 1479159142.4
60 1478927148.8
61 1478746764.8
62 1478761017.6
63 1478708563.2
64 1478658323.2
65 1478541561.6
66 1478402304.0
67 1478250604.8
68 1478118483.2
69 1477968243.2
70 1477988992.0
71 1477809024.0
72 1477596179.2
73 1477333753.6
74 1477150534.4
75 1476997638.4
76 1476961587.2
77 1476971212.8
78 1477040345.6
79 1477093945.6
80 1477093388.8
81 1476929516.8
82 1476775795.2
83 1476735904.0
84 1476521792.0
85 1476372588.8
86 1476418649.6
87 1476462182.4
88 1476353632.0
89 1476203788.8
90 1475958956.8
91 1475820659.2
92 1475786758.4
93 1475863916.8
94 1476054969.6
95 1476207360.0
96 1476200595.2
97 1476133849.6
98 1475961536.0
99 1475838297.6
100 1475710982.4
