1 1527854611.2
2 1524818777.6
3 1512178227.2
4 1488970662.4
5 1458803660.8
6 1417113113.6
7 1372738774.4
8 1334700377.6
9 1304363302.4
10 1292041507.2
11 1269198422.4
12 1239586659.2
13 1196495494.4
14 1147752240.0
15 1115748995.2
16 1089383065.6
17 1077366956.8
18 1043439984.0
19 978910435.2
20 948867670.4
21 1024557552.0
22 982690476.8
23 911255180.8
24 887097561.6
25 883846457.6
26 879445481.6
27 869067961.6
28 846930345.6
29 820482832.0
30 801580966.4
31 788951801.6
32 784788812.8
33 788143734.4
34 770290668.8
35 754741990.4
36 758590748.8
37 765341174.4
38 782491353.6
39 781847027.2
40 764845785.6
41 759999507.2
42 747889411.2
43 725512352.0
44 698588348.8
45 683544147.2
46 677554745.6
47 680634419.2
48 689377040.0
49 698251232.0
50 721056592.0
51 743856803.2
52 752505536.0
53 745357801.6
54 715322224.0
55 691184646.4
56 674694976.0
57 664884009.6
58 660129475.2
59 658986614.4
60 666208688.0
61 674896060.8
62 688419443.2
63 704235411.2
64 715404857.6
65 708773123.2
66 685737971.2
67 669555923.2
68 654783596.8
69 642471209.6
70 635611833.6
71 632244272.0
72 638267881.6
73 671876156.8
74 691925088.0
75 709859244.8
76 698366198.4
77 668513424.0
78 649393795.2
79 634705075.2
80 624617616.0
81 619383625.6
82 617591904.0
83 618465004.8
84 630991344.0
85 648177222.4
86 679269398.4
87 688699801.6
88 682517443.2
89 652851468.8
90 630991094.4
91 615739187.2
92 605734188.8
93 605157526.4
94 601013664.0
95 609496448.0
96 619737564.8
97 626215222.4
98 648424678.4
99 661093337.6
100 659515840.0
